0.000000 0.000000000000e+00
0.005000 8.869724947097e-07
0.010000 1.067319265802e-06
0.015000 1.604415454303e-06
0.020000 2.143756322828e-06
0.025000 2.685305769555e-06
0.030000 3.229030200972e-06
0.035000 3.774894157902e-06
0.040000 4.322864565427e-06
0.045000 4.872906609350e-06
0.050000 5.424987735077e-06
0.055000 5.979073775066e-06
0.060000 6.535132696309e-06
0.065000 7.093130978947e-06
0.070000 7.653037112362e-06
0.075000 8.214818224781e-06
0.080000 8.778443328327e-06
0.085000 9.343880199108e-06
0.090000 9.911098371914e-06
0.095000 1.048006626993e-05
0.100000 1.105075395012e-05
0.105000 1.162313048137e-05
0.110000 1.219716644191e-05
0.115000 1.277283154442e-05
0.120000 1.335009688711e-05
0.125000 1.392893282399e-05
0.130000 1.450931097155e-05
0.135000 1.509120232220e-05
0.140000 1.567457900869e-05
0.145000 1.625941265834e-05
0.150000 1.684567591781e-05
0.155000 1.743334104543e-05
0.160000 1.802238119901e-05
0.165000 1.861276926354e-05
0.170000 1.920447890499e-05
0.175000 1.979748363022e-05
0.180000 2.039175760999e-05
0.185000 2.098727496788e-05
0.190000 2.158401037581e-05
0.195000 2.218193856854e-05
0.200000 2.278103471526e-05
0.205000 2.338127415597e-05
0.210000 2.398263255302e-05
0.215000 2.458508584539e-05
0.220000 2.518861018417e-05
0.225000 2.579318210081e-05
0.230000 2.639877823052e-05
0.235000 2.700537569036e-05
0.240000 2.761295159483e-05
0.245000 2.822148363949e-05
0.250000 2.883094941310e-05
0.255000 2.944132718236e-05
0.260000 3.005259500507e-05
0.265000 3.066473171151e-05
0.270000 3.127771582311e-05
0.275000 3.189152672593e-05
0.280000 3.250614339949e-05
0.285000 3.312154577764e-05
0.290000 3.373771329235e-05
0.295000 3.435462641705e-05
0.300000 3.497226503033e-05
0.305000 3.559061013695e-05
0.310000 3.620964205617e-05
0.315000 3.682934231559e-05
0.320000 3.744969166912e-05
0.325000 3.807067215868e-05
0.330000 3.869226496665e-05
0.335000 3.931445264058e-05
0.340000 3.993721678515e-05
0.345000 4.056054044480e-05
0.350000 4.118440564017e-05
0.355000 4.180879590377e-05
0.360000 4.243369366589e-05
0.365000 4.305908293820e-05
0.370000 4.368494655421e-05
0.375000 4.431126899587e-05
0.380000 4.493803349347e-05
0.385000 4.556522499025e-05
0.390000 4.619282710680e-05
0.395000 4.682082523872e-05
0.400000 4.744920339038e-05
0.405000 4.807794740073e-05
0.410000 4.870704165142e-05
0.415000 4.933647241581e-05
0.420000 4.996622444629e-05
0.425000 5.059628444167e-05
0.430000 5.122663751855e-05
0.435000 5.185727079227e-05
0.440000 5.248816973712e-05
0.445000 5.311932187608e-05
0.450000 5.375071303466e-05
0.455000 5.438233113459e-05
0.460000 5.501416234612e-05
0.465000 5.564619498099e-05
0.470000 5.627841554768e-05
0.475000 5.691081273925e-05
0.480000 5.754337339598e-05
0.485000 5.817608658356e-05
0.490000 5.880893946773e-05
0.495000 5.944192147823e-05
0.500000 6.007502009989e-05
0.505000 6.070822511801e-05
0.510000 6.134152433021e-05
0.515000 6.197490786896e-05
0.520000 6.260836383843e-05
0.525000 6.324188270994e-05
0.530000 6.387545288800e-05
0.535000 6.450906517459e-05
0.540000 6.514270826844e-05
0.545000 6.577637329406e-05
0.550000 6.641004923834e-05
0.555000 6.704372754032e-05
0.560000 6.767739746905e-05
0.565000 6.831105077023e-05
0.570000 6.894467698911e-05
0.575000 6.957826817028e-05
0.580000 7.021181412935e-05
0.585000 7.084530720213e-05
0.590000 7.147873746882e-05
0.595000 7.211209754889e-05
0.600000 7.274537778141e-05
0.605000 7.337857106214e-05
0.610000 7.401166798337e-05
0.615000 7.464466170986e-05
0.620000 7.527754308157e-05
0.625000 7.591030552509e-05
0.630000 7.654294012258e-05
0.635000 7.717544055544e-05
0.640000 7.780779814263e-05
0.645000 7.844000681345e-05
0.650000 7.907205811838e-05
0.655000 7.970394622781e-05
0.660000 8.033566291854e-05
0.665000 8.096720259541e-05
0.670000 8.159855725638e-05
0.675000 8.222972153425e-05
0.680000 8.286068764308e-05
0.685000 8.349145043725e-05
0.690000 8.412200234195e-05
0.695000 8.475233842688e-05
0.700000 8.538245132349e-05
0.705000 8.601233631068e-05
0.710000 8.664198622138e-05
0.715000 8.727139653768e-05
0.720000 8.790056028928e-05
0.725000 8.852947315560e-05
0.730000 8.915812835850e-05
0.735000 8.978652176900e-05
0.740000 9.041464679658e-05
0.745000 9.104249949825e-05
0.750000 9.167007346668e-05
0.755000 9.229736493937e-05
0.760000 9.292436768781e-05
0.765000 9.355107812466e-05
0.770000 9.417749019596e-05
0.775000 9.480360048429e-05
0.780000 9.542940310603e-05
0.785000 9.605489480858e-05
0.790000 9.668006987459e-05
0.795000 9.730492521127e-05
0.800000 9.792945526350e-05
0.805000 9.855365709344e-05
0.810000 9.917752530428e-05
0.815000 9.980105710839e-05
0.820000 1.004242472634e-04
0.825000 1.010470931272e-04
0.830000 1.016695896081e-04
0.835000 1.022917342052e-04
0.840000 1.029135219736e-04
0.845000 1.035349505490e-04
0.850000 1.041560151301e-04
0.855000 1.047767134848e-04
0.860000 1.053970409516e-04
0.865000 1.060169954267e-04
0.870000 1.066365723848e-04
0.875000 1.072557698463e-04
0.880000 1.078745834189e-04
0.885000 1.084930112430e-04
0.890000 1.091110490561e-04
0.895000 1.097286951149e-04
0.900000 1.103459452832e-04
0.905000 1.109627979302e-04
0.910000 1.115792490432e-04
0.915000 1.121952971000e-04
0.920000 1.128109382081e-04
0.925000 1.134261709507e-04
0.930000 1.140409915524e-04
0.935000 1.146553986983e-04
0.940000 1.152693887271e-04
0.945000 1.158829604224e-04
0.950000 1.164961102342e-04
0.955000 1.171088370412e-04
0.960000 1.177211374020e-04
0.965000 1.183330102873e-04
0.970000 1.189444523614e-04
0.975000 1.195554626839e-04
0.980000 1.201660380222e-04
0.985000 1.207761775216e-04
0.990000 1.213858780502e-04
0.995000 1.219951388362e-04
1.000000 1.226039568454e-04
1.005000 1.232123313861e-04
1.010000 1.238202595197e-04
1.015000 1.244277406318e-04
1.020000 1.250347718766e-04
1.025000 1.256413527143e-04
1.030000 1.262474803898e-04
1.035000 1.268531544354e-04
1.040000 1.274583721842e-04
1.045000 1.280631332378e-04
1.050000 1.286674350154e-04
1.055000 1.292712771857e-04
1.060000 1.298746572516e-04
1.065000 1.304775749466e-04
1.070000 1.310800278550e-04
1.075000 1.316820157727e-04
1.080000 1.322835363636e-04
1.085000 1.328845894834e-04
1.090000 1.334851728738e-04
1.095000 1.340852864482e-04
1.100000 1.346849280238e-04
1.105000 1.352840975698e-04
1.110000 1.358827929767e-04
1.115000 1.364810142677e-04
1.120000 1.370787594048e-04
1.125000 1.376760284628e-04
1.130000 1.382728194735e-04
1.135000 1.388691325615e-04
1.140000 1.394649658267e-04
1.145000 1.400603194413e-04
1.150000 1.406551915714e-04
1.155000 1.412495824356e-04
1.160000 1.418434902642e-04
1.165000 1.424369153200e-04
1.170000 1.430298558962e-04
1.175000 1.436223122983e-04
1.180000 1.442142828807e-04
1.185000 1.448057679895e-04
1.190000 1.453967660388e-04
1.195000 1.459872774142e-04
1.200000 1.465773005877e-04
1.205000 1.471668359825e-04
1.210000 1.477558821272e-04
1.215000 1.483444394813e-04
1.220000 1.489325066284e-04
1.225000 1.495200840628e-04
1.230000 1.501071704215e-04
1.235000 1.506937662324e-04
1.240000 1.512798701845e-04
1.245000 1.518654828378e-04
1.250000 1.524506029321e-04
1.255000 1.530352310580e-04
1.260000 1.536193660049e-04
1.265000 1.542030083926e-04
1.270000 1.547861570587e-04
1.275000 1.553688126512e-04
1.280000 1.559509740547e-04
1.285000 1.565326419440e-04
1.290000 1.571138152492e-04
1.295000 1.576944946712e-04
1.300000 1.582746791844e-04
1.305000 1.588543695143e-04
1.310000 1.594335646786e-04
1.315000 1.600122654264e-04
1.320000 1.605904708176e-04
1.325000 1.611681816236e-04
1.330000 1.617453969454e-04
1.335000 1.623221175759e-04
1.340000 1.628983426560e-04
1.345000 1.634740729992e-04
1.350000 1.640493077851e-04
1.355000 1.646240478468e-04
1.360000 1.651982924018e-04
1.365000 1.657720423016e-04
1.370000 1.663452968007e-04
1.375000 1.669180567684e-04
1.380000 1.674903214948e-04
1.385000 1.680620918662e-04
1.390000 1.686333672076e-04
1.395000 1.692041484213e-04
1.400000 1.697744348661e-04
1.405000 1.703442274596e-04
1.410000 1.709135255939e-04
1.415000 1.714823302006e-04
1.420000 1.720506407042e-04
1.425000 1.726184580500e-04
1.430000 1.731857816937e-04
1.435000 1.737526125936e-04
1.440000 1.743189502358e-04
1.445000 1.748847955908e-04
1.450000 1.754501481745e-04
1.455000 1.760150089689e-04
1.460000 1.765793775186e-04
1.465000 1.771432548166e-04
1.470000 1.777066404356e-04
1.475000 1.782695353789e-04
1.480000 1.788319392464e-04
1.485000 1.793938530510e-04
1.490000 1.799552764193e-04
1.495000 1.805162103731e-04
1.500000 1.810766545651e-04
1.505000 1.816366100254e-04
1.510000 1.821960764319e-04
1.515000 1.827550548226e-04
1.520000 1.833135448999e-04
1.525000 1.838715477092e-04
1.530000 1.844290629766e-04
1.535000 1.849860917544e-04
1.540000 1.855426337921e-04
1.545000 1.860986901481e-04
1.550000 1.866542605945e-04
1.555000 1.872093461957e-04
1.560000 1.877639467457e-04
1.565000 1.883180633141e-04
1.570000 1.888716957164e-04
1.575000 1.894248450273e-04
1.580000 1.899775110829e-04
1.585000 1.905296949623e-04
1.590000 1.910813965221e-04
1.595000 1.916326168453e-04
1.600000 1.921833558082e-04
1.605000 1.927336144975e-04
1.610000 1.932833928086e-04
1.615000 1.938326918315e-04
1.620000 1.943815114802e-04
1.625000 1.949298528478e-04
1.630000 1.954777158661e-04
1.635000 1.960251016309e-04
1.640000 1.965720100916e-04
1.645000 1.971184423462e-04
1.650000 1.976643983613e-04
1.655000 1.982098792366e-04
1.660000 1.987548849554e-04
1.665000 1.992994166190e-04
1.670000 1.998434742269e-04
1.675000 2.003870588817e-04
1.680000 2.009301705985e-04
1.685000 2.014728104808e-04
1.690000 2.020149785591e-04
1.695000 2.025566759376e-04
1.700000 2.030979026617e-04
1.705000 2.036386598358e-04
1.710000 2.041789475197e-04
1.715000 2.047187668183e-04
1.720000 2.052581178052e-04
1.725000 2.057970015850e-04
1.730000 2.063354182452e-04
1.735000 2.068733688900e-04
1.740000 2.074108536202e-04
1.745000 2.079478735392e-04
1.750000 2.084844287607e-04
1.755000 2.090205203874e-04
1.760000 2.095561485455e-04
1.765000 2.100913143366e-04
1.770000 2.106260178992e-04
1.775000 2.111602603334e-04
1.780000 2.116940417895e-04
1.785000 2.122273633664e-04
1.790000 2.127602252258e-04
1.795000 2.132926284648e-04
1.800000 2.138245732563e-04
1.805000 2.143560606957e-04
1.810000 2.148870909666e-04
1.815000 2.154176651623e-04
1.820000 2.159477834771e-04
1.825000 2.164774470020e-04
1.830000 2.170066559416e-04
1.835000 2.175354113844e-04
1.840000 2.180637135450e-04
1.845000 2.185915635095e-04
1.850000 2.191189615020e-04
1.855000 2.196459086059e-04
1.860000 2.201724050547e-04
1.865000 2.206984519289e-04
1.870000 2.212240494713e-04
1.875000 2.217491987594e-04
1.880000 2.222739000445e-04
1.885000 2.227981544014e-04
1.890000 2.233219620898e-04
1.895000 2.238453241812e-04
1.900000 2.243682409438e-04
1.905000 2.248907134456e-04
1.910000 2.254127419630e-04
1.915000 2.259343275604e-04
1.920000 2.264554705220e-04
1.925000 2.269761719088e-04
1.930000 2.274964320126e-04
1.935000 2.280162518905e-04
1.940000 2.285356318418e-04
1.945000 2.290545729199e-04
1.950000 2.295730754311e-04
1.955000 2.300911404250e-04
1.960000 2.306087682148e-04
1.965000 2.311259598462e-04
1.970000 2.316427156390e-04
1.975000 2.321590366350e-04
1.980000 2.326749231604e-04
1.985000 2.331903762529e-04
1.990000 2.337053962450e-04
1.995000 2.342199841702e-04
2.000000 2.347341403670e-04
2.005000 2.352478658648e-04
2.010000 2.357611610079e-04
2.015000 2.362740268214e-04
2.020000 2.367864636554e-04
2.025000 2.372984725304e-04
2.030000 2.378100538022e-04
2.035000 2.383212084868e-04
2.040000 2.388319369452e-04
2.045000 2.393422401891e-04
2.050000 2.398521185847e-04
2.055000 2.403615731389e-04
2.060000 2.408706042230e-04
2.065000 2.413792128394e-04
2.070000 2.418873993642e-04
2.075000 2.423951647950e-04
2.080000 2.429025095127e-04
2.085000 2.434094345101e-04
2.090000 2.439159401727e-04
2.095000 2.444220274886e-04
2.100000 2.449276968475e-04
2.105000 2.454329492328e-04
2.110000 2.459377850385e-04
2.115000 2.464422052431e-04
2.120000 2.469462102446e-04
2.125000 2.474498010166e-04
2.130000 2.479529779613e-04
2.135000 2.484557420473e-04
2.140000 2.489580936804e-04
2.145000 2.494600338245e-04
2.150000 2.499615628890e-04
2.155000 2.504626818327e-04
2.160000 2.509633910687e-04
2.165000 2.514636915508e-04
2.170000 2.519635836955e-04
2.175000 2.524630684515e-04
2.180000 2.529621462388e-04
2.185000 2.534608180009e-04
2.190000 2.539590841610e-04
2.195000 2.544569456576e-04
2.200000 2.549544029168e-04
2.205000 2.554514568722e-04
2.210000 2.559481079529e-04
2.215000 2.564443570872e-04
2.220000 2.569402047071e-04
2.225000 2.574356517359e-04
2.230000 2.579306986082e-04
2.235000 2.584253462423e-04
2.240000 2.589195950753e-04
2.245000 2.594134460205e-04
2.250000 2.599068995174e-04
2.255000 2.603999564742e-04
2.260000 2.608926173329e-04
2.265000 2.613848829965e-04
2.270000 2.618767539093e-04
2.275000 2.623682309692e-04
2.280000 2.628593146226e-04
2.285000 2.633500057624e-04
2.290000 2.638403048371e-04
2.295000 2.643302127343e-04
2.300000 2.648197299048e-04
2.305000 2.653088572309e-04
2.310000 2.657975951652e-04
2.315000 2.662859445851e-04
2.320000 2.667739059450e-04
2.325000 2.672614801171e-04
2.330000 2.677486675576e-04
2.335000 2.682354691335e-04
2.340000 2.687218853027e-04
2.345000 2.692079169272e-04
2.350000 2.696935644665e-04
2.355000 2.701788287772e-04
2.360000 2.706637103205e-04
2.365000 2.711482099481e-04
2.370000 2.716323281223e-04
2.375000 2.721160656897e-04
2.380000 2.725994231143e-04
2.385000 2.730824012374e-04
2.390000 2.735650005243e-04
2.395000 2.740472218112e-04
2.400000 2.745290655645e-04
2.405000 2.750105326155e-04
2.410000 2.754916234319e-04
2.415000 2.759723388397e-04
2.420000 2.764526793076e-04
2.425000 2.769326456567e-04
2.430000 2.774122383568e-04
2.435000 2.778914582239e-04
2.440000 2.783703057287e-04
2.445000 2.788487816823e-04
2.450000 2.793268865561e-04
2.455000 2.798046211562e-04
2.460000 2.802819859550e-04
2.465000 2.807589817536e-04
2.470000 2.812356090251e-04
2.475000 2.817118685655e-04
2.480000 2.821877608488e-04
2.485000 2.826632866661e-04
2.490000 2.831384464919e-04
2.495000 2.836132411124e-04
2.500000 2.840876710027e-04
2.505000 2.845617369439e-04
2.510000 2.850354394120e-04
2.515000 2.855087791831e-04
2.520000 2.859817567336e-04
2.525000 2.864543728346e-04
2.530000 2.869266279631e-04
2.535000 2.873985228855e-04
2.540000 2.878700580789e-04
2.545000 2.883412343049e-04
2.550000 2.888120520410e-04
2.555000 2.892825120441e-04
2.560000 2.897526147919e-04
2.565000 2.902223610363e-04
2.570000 2.906917512556e-04
2.575000 2.911607861968e-04
2.580000 2.916294663383e-04
2.585000 2.920977924224e-04
2.590000 2.925657649276e-04
2.595000 2.930333845915e-04
2.600000 2.935006518929e-04
2.605000 2.939675675646e-04
2.610000 2.944341320853e-04
2.615000 2.949003461831e-04
2.620000 2.953662103370e-04
2.625000 2.958317252702e-04
2.630000 2.962968914619e-04
2.635000 2.967617096306e-04
2.640000 2.972261802553e-04
2.645000 2.976903040500e-04
2.650000 2.981540814937e-04
2.655000 2.986175132956e-04
2.660000 2.990805999347e-04
2.665000 2.995433421158e-04
2.670000 3.000057403175e-04
2.675000 3.004677952400e-04
2.680000 3.009295073619e-04
2.685000 3.013908773789e-04
2.690000 3.018519057694e-04
2.695000 3.023125932243e-04
2.700000 3.027729402220e-04
2.705000 3.032329474491e-04
2.710000 3.036926153833e-04
2.715000 3.041519447070e-04
2.720000 3.046109358976e-04
2.725000 3.050695896329e-04
2.730000 3.055279063902e-04
2.735000 3.059858868428e-04
2.740000 3.064435314676e-04
2.745000 3.069008409334e-04
2.750000 3.073578157170e-04
2.755000 3.078144564826e-04
2.760000 3.082707637067e-04
2.765000 3.087267380491e-04
2.770000 3.091823799859e-04
2.775000 3.096376901727e-04
2.780000 3.100926690850e-04
2.785000 3.105473173740e-04
2.790000 3.110016355149e-04
2.795000 3.114556241546e-04
2.800000 3.119092837678e-04
2.805000 3.123626149971e-04
2.810000 3.128156183167e-04
2.815000 3.132682943650e-04
2.820000 3.137206436156e-04
2.825000 3.141726667028e-04
2.830000 3.146243640995e-04
2.835000 3.150757364359e-04
2.840000 3.155267841844e-04
2.845000 3.159775079708e-04
2.850000 3.164279082671e-04
2.855000 3.168779856951e-04
2.860000 3.173277407258e-04
2.865000 3.177771739771e-04
2.870000 3.182262859195e-04
2.875000 3.186750771665e-04
2.880000 3.191235481881e-04
2.885000 3.195716995939e-04
2.890000 3.200195318531e-04
2.895000 3.204670455712e-04
2.900000 3.209142412166e-04
2.905000 3.213611193910e-04
2.910000 3.218076805622e-04
2.915000 3.222539253277e-04
2.920000 3.226998541546e-04
2.925000 3.231454676364e-04
2.930000 3.235907662395e-04
2.935000 3.240357505536e-04
2.940000 3.244804210442e-04
2.945000 3.249247782972e-04
2.950000 3.253688227772e-04
2.955000 3.258125550662e-04
2.960000 3.262559756281e-04
2.965000 3.266990850411e-04
2.970000 3.271418837682e-04
2.975000 3.275843723837e-04
2.980000 3.280265513501e-04
2.985000 3.284684212375e-04
2.990000 3.289099825077e-04
2.995000 3.293512357272e-04
3.000000 3.297921813567e-04
3.005000 3.302328199591e-04
3.010000 3.306731519942e-04
3.015000 3.311131780211e-04
3.020000 3.315528984989e-04
3.025000 3.319923139829e-04
3.030000 3.324314249312e-04
3.035000 3.328702318956e-04
3.040000 3.333087353333e-04
3.045000 3.337469357923e-04
3.050000 3.341848337290e-04
3.055000 3.346224296877e-04
3.060000 3.350597241240e-04
3.065000 3.354967175785e-04
3.070000 3.359334105059e-04
3.075000 3.363698034433e-04
3.080000 3.368058968443e-04
3.085000 3.372416912425e-04
3.090000 3.376771870905e-04
3.095000 3.381123849186e-04
3.100000 3.385472851783e-04
3.105000 3.389818883963e-04
3.110000 3.394161950233e-04
3.115000 3.398502055823e-04
3.120000 3.402839205232e-04
3.125000 3.407173403656e-04
3.130000 3.411504655582e-04
3.135000 3.415832966173e-04
3.140000 3.420158339907e-04
3.145000 3.424480781911e-04
3.150000 3.428800296654e-04
3.155000 3.433116889229e-04
3.160000 3.437430564094e-04
3.165000 3.441741326310e-04
3.170000 3.446049180324e-04
3.175000 3.450354131163e-04
3.180000 3.454656183266e-04
3.185000 3.458955341624e-04
3.190000 3.463251610667e-04
3.195000 3.467544995354e-04
3.200000 3.471835500103e-04
3.205000 3.476123129842e-04
3.210000 3.480407888977e-04
3.215000 3.484689782404e-04
3.220000 3.488968814518e-04
3.225000 3.493244990184e-04
3.230000 3.497518313787e-04
3.235000 3.501788790158e-04
3.240000 3.506056423673e-04
3.245000 3.510321219130e-04
3.250000 3.514583180895e-04
3.255000 3.518842313734e-04
3.260000 3.523098622003e-04
3.265000 3.527352110437e-04
3.270000 3.531602783379e-04
3.275000 3.535850645536e-04
3.280000 3.540095701239e-04
3.285000 3.544337955162e-04
3.290000 3.548577411628e-04
3.295000 3.552814075280e-04
3.300000 3.557047950430e-04
3.305000 3.561279041689e-04
3.310000 3.565507353358e-04
3.315000 3.569732890020e-04
3.320000 3.573955655965e-04
3.325000 3.578175655744e-04
3.330000 3.582392893637e-04
3.335000 3.586607374165e-04
3.340000 3.590819101597e-04
3.345000 3.595028080426e-04
3.350000 3.599234314908e-04
3.355000 3.603437809506e-04
3.360000 3.607638568467e-04
3.365000 3.611836596224e-04
3.370000 3.616031897012e-04
3.375000 3.620224475237e-04
3.380000 3.624414335122e-04
3.385000 3.628601481044e-04
3.390000 3.632785917214e-04
3.395000 3.636967647981e-04
3.400000 3.641146677546e-04
3.405000 3.645323010229e-04
3.410000 3.649496650219e-04
3.415000 3.653667601809e-04
3.420000 3.657835869177e-04
3.425000 3.662001456587e-04
3.430000 3.666164368206e-04
3.435000 3.670324608270e-04
3.440000 3.674482180936e-04
3.445000 3.678637090411e-04
3.450000 3.682789340841e-04
3.455000 3.686938936407e-04
3.460000 3.691085881243e-04
3.465000 3.695230179503e-04
3.470000 3.699371835309e-04
3.475000 3.703510852788e-04
3.480000 3.707647236051e-04
3.485000 3.711780989199e-04
3.490000 3.715912116331e-04
3.495000 3.720040621522e-04
3.500000 3.724166508860e-04
3.505000 3.728289782392e-04
3.510000 3.732410446195e-04
3.515000 3.736528504291e-04
3.520000 3.740643960745e-04
3.525000 3.744756819553e-04
3.530000 3.748867084770e-04
3.535000 3.752974760365e-04
3.540000 3.757079850380e-04
3.545000 3.761182358761e-04
3.550000 3.765282289539e-04
3.555000 3.769379646633e-04
3.560000 3.773474434062e-04
3.565000 3.777566655720e-04
3.570000 3.781656315617e-04
3.575000 3.785743417621e-04
3.580000 3.789827965729e-04
3.585000 3.793909963786e-04
3.590000 3.797989415776e-04
3.595000 3.802066325520e-04
3.600000 3.806140696992e-04
3.605000 3.810212533987e-04
3.610000 3.814281840468e-04
3.615000 3.818348620206e-04
3.620000 3.822412877152e-04
3.625000 3.826474615053e-04
3.630000 3.830533837850e-04
3.635000 3.834590549264e-04
3.640000 3.838644753225e-04
3.645000 3.842696453432e-04
3.650000 3.846745653803e-04
3.655000 3.850792358012e-04
3.660000 3.854836569967e-04
3.665000 3.858878293318e-04
3.670000 3.862917531961e-04
3.675000 3.866954289525e-04
3.680000 3.870988569893e-04
3.685000 3.875020376671e-04
3.690000 3.879049713731e-04
3.695000 3.883076584655e-04
3.700000 3.887100993306e-04
3.705000 3.891122943242e-04
3.710000 3.895142438313e-04
3.715000 3.899159482057e-04
3.720000 3.903174078313e-04
3.725000 3.907186230594e-04
3.730000 3.911195942730e-04
3.735000 3.915203218210e-04
3.740000 3.919208060854e-04
3.745000 3.923210474129e-04
3.750000 3.927210461842e-04
3.755000 3.931208027441e-04
3.760000 3.935203174719e-04
3.765000 3.939195907103e-04
3.770000 3.943186228377e-04
3.775000 3.947174141944e-04
3.780000 3.951159651576e-04
3.785000 3.955142760656e-04
3.790000 3.959123472946e-04
3.795000 3.963101791807e-04
3.800000 3.967077720988e-04
3.805000 3.971051263830e-04
3.810000 3.975022424072e-04
3.815000 3.978991205032e-04
3.820000 3.982957610439e-04
3.825000 3.986921643592e-04
3.830000 3.990883308205e-04
3.835000 3.994842607558e-04
3.840000 3.998799545355e-04
3.845000 4.002754124854e-04
3.850000 4.006706349750e-04
3.855000 4.010656223279e-04
3.860000 4.014603749124e-04
3.865000 4.018548930502e-04
3.870000 4.022491771085e-04
3.875000 4.026432274070e-04
3.880000 4.030370443119e-04
3.885000 4.034306281407e-04
3.890000 4.038239792585e-04
3.895000 4.042170979810e-04
3.900000 4.046099846720e-04
3.905000 4.050026396454e-04
3.910000 4.053950632640e-04
3.915000 4.057872558395e-04
3.920000 4.061792177336e-04
3.925000 4.065709492563e-04
3.930000 4.069624507681e-04
3.935000 4.073537225769e-04
3.940000 4.077447650424e-04
3.945000 4.081355784705e-04
3.950000 4.085261632196e-04
3.955000 4.089165195940e-04
3.960000 4.093066479509e-04
3.965000 4.096965485927e-04
3.970000 4.100862218755e-04
3.975000 4.104756680999e-04
3.980000 4.108648876209e-04
3.985000 4.112538807372e-04
3.990000 4.116426478028e-04
3.995000 4.120311891145e-04
4.000000 4.124195050253e-04
4.005000 4.128075958300e-04
4.010000 4.131954618807e-04
4.015000 4.135831034704e-04
4.020000 4.139705209499e-04
4.025000 4.143577146107e-04
4.030000 4.147446848024e-04
4.035000 4.151314318146e-04
4.040000 4.155179559960e-04
4.045000 4.159042576344e-04
4.050000 4.162903370774e-04
4.055000 4.166761946111e-04
4.060000 4.170618305819e-04
4.065000 4.174472452742e-04
4.070000 4.178324390335e-04
4.075000 4.182174121422e-04
4.080000 4.186021649450e-04
4.085000 4.189866977225e-04
4.090000 4.193710108182e-04
4.095000 4.197551045112e-04
4.100000 4.201389791439e-04
4.105000 4.205226349935e-04
4.110000 4.209060724016e-04
4.115000 4.212892916436e-04
4.120000 4.216722930601e-04
4.125000 4.220550769249e-04
4.130000 4.224376435773e-04
4.135000 4.228199932897e-04
4.140000 4.232021264003e-04
4.145000 4.235840431798e-04
4.150000 4.239657439653e-04
4.155000 4.243472290260e-04
4.160000 4.247284986979e-04
4.165000 4.251095532486e-04
4.170000 4.254903930131e-04
4.175000 4.258710182572e-04
4.180000 4.262514293151e-04
4.185000 4.266316264510e-04
4.190000 4.270116099979e-04
4.195000 4.273913802184e-04
4.200000 4.277709374447e-04
4.205000 4.281502819377e-04
4.210000 4.285294140285e-04
4.215000 4.289083339766e-04
4.220000 4.292870421119e-04
4.225000 4.296655386924e-04
4.230000 4.300438240472e-04
4.235000 4.304218984324e-04
4.240000 4.307997621763e-04
4.245000 4.311774155335e-04
4.250000 4.315548588312e-04
4.255000 4.319320923225e-04
4.260000 4.323091163335e-04
4.265000 4.326859311159e-04
4.270000 4.330625369948e-04
4.275000 4.334389342205e-04
4.280000 4.338151231169e-04
4.285000 4.341911039328e-04
4.290000 4.345668769913e-04
4.295000 4.349424425396e-04
4.300000 4.353178008997e-04
4.305000 4.356929523175e-04
4.310000 4.360678971141e-04
4.315000 4.364426355336e-04
4.320000 4.368171678964e-04
4.325000 4.371914944451e-04
4.330000 4.375656154990e-04
4.335000 4.379395312994e-04
4.340000 4.383132421644e-04
4.345000 4.386867483342e-04
4.350000 4.390600501258e-04
4.355000 4.394331477778e-04
4.360000 4.398060416063e-04
4.365000 4.401787318486e-04
4.370000 4.405512188199e-04
4.375000 4.409235027559e-04
4.380000 4.412955839709e-04
4.385000 4.416674626992e-04
4.390000 4.420391392541e-04
4.395000 4.424106138687e-04
4.400000 4.427818868552e-04
4.405000 4.431529584452e-04
4.410000 4.435238289502e-04
4.415000 4.438944986003e-04
4.420000 4.442649677060e-04
4.425000 4.446352364963e-04
4.430000 4.450053052804e-04
4.435000 4.453751742861e-04
4.440000 4.457448438218e-04
4.445000 4.461143141137e-04
4.450000 4.464835854695e-04
4.455000 4.468526581140e-04
4.460000 4.472215323538e-04
4.465000 4.475902084125e-04
4.470000 4.479586865958e-04
4.475000 4.483269671261e-04
4.480000 4.486950503079e-04
4.485000 4.490629363625e-04
4.490000 4.494306255934e-04
4.495000 4.497981182205e-04
4.500000 4.501654145466e-04
4.505000 4.505325147902e-04
4.510000 4.508994192531e-04
4.515000 4.512661281526e-04
4.520000 4.516326417897e-04
4.525000 4.519989603803e-04
4.530000 4.523650842244e-04
4.535000 4.527310135368e-04
4.540000 4.530967486166e-04
4.545000 4.534622896772e-04
4.550000 4.538276370169e-04
4.555000 4.541927908479e-04
4.560000 4.545577514674e-04
4.565000 4.549225190866e-04
4.570000 4.552870940017e-04
4.575000 4.556514764226e-04
4.580000 4.560156666447e-04
4.585000 4.563796648767e-04
4.590000 4.567434714130e-04
4.595000 4.571070864612e-04
4.600000 4.574705103148e-04
4.605000 4.578337431801e-04
4.610000 4.581967853498e-04
4.615000 4.585596370289e-04
4.620000 4.589222985093e-04
4.625000 4.592847699949e-04
4.630000 4.596470517767e-04
4.635000 4.600091440572e-04
4.640000 4.603710471267e-04
4.645000 4.607327611866e-04
4.650000 4.610942865261e-04
4.655000 4.614556233456e-04
4.660000 4.618167719335e-04
4.665000 4.621777324889e-04
4.670000 4.625385052992e-04
4.675000 4.628990905627e-04
4.680000 4.632594885658e-04
4.685000 4.636196995055e-04
4.690000 4.639797236675e-04
4.695000 4.643395612477e-04
4.700000 4.646992125309e-04
4.705000 4.650586777117e-04
4.710000 4.654179570742e-04
4.715000 4.657770508120e-04
4.720000 4.661359592082e-04
4.725000 4.664946824553e-04
4.730000 4.668532208355e-04
4.735000 4.672115745403e-04
4.740000 4.675697438511e-04
4.745000 4.679277289582e-04
4.750000 4.682855301421e-04
4.755000 4.686431475922e-04
4.760000 4.690005815880e-04
4.765000 4.693578323178e-04
4.770000 4.697149000605e-04
4.775000 4.700717850031e-04
4.780000 4.704284874236e-04
4.785000 4.707850075083e-04
4.790000 4.711413455341e-04
4.795000 4.714975016861e-04
4.800000 4.718534762406e-04
4.805000 4.722092693817e-04
4.810000 4.725648813848e-04
4.815000 4.729203124329e-04
4.820000 4.732755628006e-04
4.825000 4.736306326699e-04
4.830000 4.739855223145e-04
4.835000 4.743402319154e-04
4.840000 4.746947617455e-04
4.845000 4.750491119848e-04
4.850000 4.754032829055e-04
4.855000 4.757572746864e-04
4.860000 4.761110875989e-04
4.865000 4.764647218208e-04
4.870000 4.768181776228e-04
4.875000 4.771714551817e-04
4.880000 4.775245547672e-04
4.885000 4.778774765552e-04
4.890000 4.782302208147e-04
4.895000 4.785827877205e-04
4.900000 4.789351775409e-04
4.905000 4.792873904497e-04
4.910000 4.796394267142e-04
4.915000 4.799912865074e-04
4.920000 4.803429700959e-04
4.925000 4.806944776516e-04
4.930000 4.810458094402e-04
4.935000 4.813969656329e-04
4.940000 4.817479464945e-04
4.945000 4.820987521952e-04
4.950000 4.824493829990e-04
4.955000 4.827998390752e-04
4.960000 4.831501206870e-04
4.965000 4.835002280027e-04
4.970000 4.838501612849e-04
4.975000 4.841999207008e-04
4.980000 4.845495065122e-04
4.985000 4.848989188856e-04
4.990000 4.852481580818e-04
4.995000 4.855972242664e-04
5.000000 4.859461176995e-04
5.005000 4.862948385457e-04
5.010000 4.866433870644e-04
5.015000 4.869917634193e-04
5.020000 4.873399678690e-04
5.025000 4.876880005763e-04
5.030000 4.880358617990e-04
5.035000 4.883835516990e-04
5.040000 4.887310705335e-04
5.045000 4.890784184634e-04
5.050000 4.894255957449e-04
5.055000 4.897726025384e-04
5.060000 4.901194390992e-04
5.065000 4.904661055867e-04
5.070000 4.908126022556e-04
5.075000 4.911589292644e-04
5.080000 4.915050868670e-04
5.085000 4.918510752210e-04
5.090000 4.921968945796e-04
5.095000 4.925425450996e-04
5.100000 4.928880270333e-04
5.105000 4.932333405368e-04
5.110000 4.935784858616e-04
5.115000 4.939234631629e-04
5.120000 4.942682726915e-04
5.125000 4.946129146018e-04
5.130000 4.949573891438e-04
5.135000 4.953016964710e-04
5.140000 4.956458368328e-04
5.145000 4.959898103818e-04
5.150000 4.963336173667e-04
5.155000 4.966772579392e-04
5.160000 4.970207323473e-04
5.165000 4.973640407419e-04
5.170000 4.977071833702e-04
5.175000 4.980501603824e-04
5.180000 4.983929720249e-04
5.185000 4.987356184471e-04
5.190000 4.990780998947e-04
5.195000 4.994204165163e-04
5.200000 4.997625685568e-04
5.205000 5.001045561640e-04
5.210000 5.004463795822e-04
5.215000 5.007880389584e-04
5.220000 5.011295345360e-04
5.225000 5.014708664613e-04
5.230000 5.018120349771e-04
5.235000 5.021530402289e-04
5.240000 5.024938824586e-04
5.245000 5.028345618110e-04
5.250000 5.031750785274e-04
5.255000 5.035154327518e-04
5.260000 5.038556247247e-04
5.265000 5.041956545893e-04
5.270000 5.045355225856e-04
5.275000 5.048752288559e-04
5.280000 5.052147736394e-04
5.285000 5.055541570778e-04
5.290000 5.058933794096e-04
5.295000 5.062324407757e-04
5.300000 5.065713414138e-04
5.305000 5.069100814642e-04
5.310000 5.072486611639e-04
5.315000 5.075870806524e-04
5.320000 5.079253401659e-04
5.325000 5.082634398433e-04
5.330000 5.086013799203e-04
5.335000 5.089391605347e-04
5.340000 5.092767819216e-04
5.345000 5.096142442183e-04
5.350000 5.099515476589e-04
5.355000 5.102886923802e-04
5.360000 5.106256786156e-04
5.365000 5.109625065010e-04
5.370000 5.112991762693e-04
5.375000 5.116356880556e-04
5.380000 5.119720420923e-04
5.385000 5.123082385135e-04
5.390000 5.126442775511e-04
5.395000 5.129801593385e-04
5.400000 5.133158841068e-04
5.405000 5.136514519889e-04
5.410000 5.139868632150e-04
5.415000 5.143221179174e-04
5.420000 5.146572163258e-04
5.425000 5.149921585716e-04
5.430000 5.153269448838e-04
5.435000 5.156615753933e-04
5.440000 5.159960503283e-04
5.445000 5.163303698191e-04
5.450000 5.166645340932e-04
5.455000 5.169985432802e-04
5.460000 5.173323976069e-04
5.465000 5.176660972023e-04
5.470000 5.179996422926e-04
5.475000 5.183330330060e-04
5.480000 5.186662695682e-04
5.485000 5.189993521065e-04
5.490000 5.193322808461e-04
5.495000 5.196650559137e-04
5.500000 5.199976775337e-04
5.505000 5.203301458323e-04
5.510000 5.206624610331e-04
5.515000 5.209946232618e-04
5.520000 5.213266327412e-04
5.525000 5.216584895964e-04
5.530000 5.219901940497e-04
5.535000 5.223217462253e-04
5.540000 5.226531463451e-04
5.545000 5.229843945325e-04
5.550000 5.233154910088e-04
5.555000 5.236464358968e-04
5.560000 5.239772294171e-04
5.565000 5.243078716920e-04
5.570000 5.246383629414e-04
5.575000 5.249687032869e-04
5.580000 5.252988929478e-04
5.585000 5.256289320451e-04
5.590000 5.259588207974e-04
5.595000 5.262885593253e-04
5.600000 5.266181478465e-04
5.605000 5.269475864811e-04
5.610000 5.272768754463e-04
5.615000 5.276060148613e-04
5.620000 5.279350049429e-04
5.625000 5.282638458098e-04
5.630000 5.285925376778e-04
5.635000 5.289210806652e-04
5.640000 5.292494749874e-04
5.645000 5.295777207617e-04
5.650000 5.299058182031e-04
5.655000 5.302337674284e-04
5.660000 5.305615686518e-04
5.665000 5.308892219895e-04
5.670000 5.312167276552e-04
5.675000 5.315440857645e-04
5.680000 5.318712965304e-04
5.685000 5.321983600680e-04
5.690000 5.325252765897e-04
5.695000 5.328520462100e-04
5.700000 5.331786691406e-04
5.705000 5.335051454955e-04
5.710000 5.338314754859e-04
5.715000 5.341576592251e-04
5.720000 5.344836969237e-04
5.725000 5.348095886945e-04
5.730000 5.351353347474e-04
5.735000 5.354609351946e-04
5.740000 5.357863902456e-04
5.745000 5.361117000119e-04
5.750000 5.364368647025e-04
5.755000 5.367618844282e-04
5.760000 5.370867593974e-04
5.765000 5.374114897206e-04
5.770000 5.377360756054e-04
5.775000 5.380605171617e-04
5.780000 5.383848145965e-04
5.785000 5.387089680194e-04
5.790000 5.390329776367e-04
5.795000 5.393568435573e-04
5.800000 5.396805659870e-04
5.805000 5.400041450342e-04
5.810000 5.403275809042e-04
5.815000 5.406508737047e-04
5.820000 5.409740236404e-04
5.825000 5.412970308186e-04
5.830000 5.416198954434e-04
5.835000 5.419426176216e-04
5.840000 5.422651975565e-04
5.845000 5.425876353546e-04
5.850000 5.429099312186e-04
5.855000 5.432320852543e-04
5.860000 5.435540976641e-04
5.865000 5.438759685531e-04
5.870000 5.441976981231e-04
5.875000 5.445192864788e-04
5.880000 5.448407338213e-04
5.885000 5.451620402549e-04
5.890000 5.454832059802e-04
5.895000 5.458042311008e-04
5.900000 5.461251158168e-04
5.905000 5.464458602313e-04
5.910000 5.467664645438e-04
5.915000 5.470869288571e-04
5.920000 5.474072533699e-04
5.925000 5.477274381845e-04
5.930000 5.480474834992e-04
5.935000 5.483673894156e-04
5.940000 5.486871561317e-04
5.945000 5.490067837485e-04
5.950000 5.493262724633e-04
5.955000 5.496456223767e-04
5.960000 5.499648336856e-04
5.965000 5.502839064898e-04
5.970000 5.506028409859e-04
5.975000 5.509216372732e-04
5.980000 5.512402955475e-04
5.985000 5.515588159080e-04
5.990000 5.518771985497e-04
5.995000 5.521954435713e-04
6.000000 5.525135511674e-04
6.005000 5.528315214361e-04
6.010000 5.531493545715e-04
6.015000 5.534670506713e-04
6.020000 5.537846099289e-04
6.025000 5.541020324416e-04
6.030000 5.544193184024e-04
6.035000 5.547364679080e-04
6.040000 5.550534811508e-04
6.045000 5.553703582271e-04
6.050000 5.556870993288e-04
6.055000 5.560037045516e-04
6.060000 5.563201740871e-04
6.065000 5.566365080304e-04
6.070000 5.569527065725e-04
6.075000 5.572687698081e-04
6.080000 5.575846979277e-04
6.085000 5.579004910257e-04
6.090000 5.582161492917e-04
6.095000 5.585316728199e-04
6.100000 5.588470617994e-04
6.105000 5.591623163238e-04
6.110000 5.594774365818e-04
6.115000 5.597924226664e-04
6.120000 5.601072747660e-04
6.125000 5.604219929730e-04
6.130000 5.607365774753e-04
6.135000 5.610510283649e-04
6.140000 5.613653458291e-04
6.145000 5.616795299595e-04
6.150000 5.619935809429e-04
6.155000 5.623074988706e-04
6.160000 5.626212839286e-04
6.165000 5.629349362079e-04
6.170000 5.632484558942e-04
6.175000 5.635618430777e-04
6.180000 5.638750979437e-04
6.185000 5.641882205821e-04
6.190000 5.645012111776e-04
6.195000 5.648140698197e-04
6.200000 5.651267966926e-04
6.205000 5.654393918854e-04
6.210000 5.657518555817e-04
6.215000 5.660641878702e-04
6.220000 5.663763889340e-04
6.225000 5.666884588615e-04
6.230000 5.670003978352e-04
6.235000 5.673122059430e-04
6.240000 5.676238833670e-04
6.245000 5.679354301947e-04
6.250000 5.682468466078e-04
6.255000 5.685581326931e-04
6.260000 5.688692886320e-04
6.265000 5.691803145109e-04
6.270000 5.694912105106e-04
6.275000 5.698019767173e-04
6.280000 5.701126133110e-04
6.285000 5.704231203776e-04
6.290000 5.707334980969e-04
6.295000 5.710437465540e-04
6.300000 5.713538659284e-04
6.305000 5.716638563048e-04
6.310000 5.719737178621e-04
6.315000 5.722834506848e-04
6.320000 5.725930549512e-04
6.325000 5.729025307453e-04
6.330000 5.732118782451e-04
6.335000 5.735210975342e-04
6.340000 5.738301887899e-04
6.345000 5.741391520956e-04
6.350000 5.744479876281e-04
6.355000 5.747566954703e-04
6.360000 5.750652757987e-04
6.365000 5.753737286958e-04
6.370000 5.756820543374e-04
6.375000 5.759902528058e-04
6.380000 5.762983242763e-04
6.385000 5.766062688308e-04
6.390000 5.769140866441e-04
6.395000 5.772217777977e-04
6.400000 5.775293424661e-04
6.405000 5.778367807303e-04
6.410000 5.781440927642e-04
6.415000 5.784512786486e-04
6.420000 5.787583385569e-04
6.425000 5.790652725695e-04
6.430000 5.793720808593e-04
6.435000 5.796787635064e-04
6.440000 5.799853206833e-04
6.445000 5.802917524695e-04
6.450000 5.805980590373e-04
6.455000 5.809042404656e-04
6.460000 5.812102969263e-04
6.465000 5.815162284982e-04
6.470000 5.818220353523e-04
6.475000 5.821277175673e-04
6.480000 5.824332753138e-04
6.485000 5.827387086699e-04
6.490000 5.830440178060e-04
6.495000 5.833492027996e-04
6.500000 5.836542638208e-04
6.505000 5.839592009468e-04
6.510000 5.842640143470e-04
6.515000 5.845687040985e-04
6.520000 5.848732703701e-04
6.525000 5.851777132386e-04
6.530000 5.854820328725e-04
6.535000 5.857862293479e-04
6.540000 5.860903028330e-04
6.545000 5.863942534037e-04
6.550000 5.866980812277e-04
6.555000 5.870017863804e-04
6.560000 5.873053690292e-04
6.565000 5.876088292491e-04
6.570000 5.879121672071e-04
6.575000 5.882153829778e-04
6.580000 5.885184767277e-04
6.585000 5.888214485312e-04
6.590000 5.891242985543e-04
6.595000 5.894270268711e-04
6.600000 5.897296336470e-04
6.605000 5.900321189559e-04
6.610000 5.903344829629e-04
6.615000 5.906367257413e-04
6.620000 5.909388474559e-04
6.625000 5.912408481796e-04
6.630000 5.915427280768e-04
6.635000 5.918444872201e-04
6.640000 5.921461257734e-04
6.645000 5.924476438091e-04
6.650000 5.927490414905e-04
6.655000 5.930503188898e-04
6.660000 5.933514761697e-04
6.665000 5.936525134023e-04
6.670000 5.939534307498e-04
6.675000 5.942542282838e-04
6.680000 5.945549061663e-04
6.685000 5.948554644685e-04
6.690000 5.951559033519e-04
6.695000 5.954562228875e-04
6.700000 5.957564232364e-04
6.705000 5.960565044691e-04
6.710000 5.963564667463e-04
6.715000 5.966563101383e-04
6.720000 5.969560348055e-04
6.725000 5.972556408176e-04
6.730000 5.975551283346e-04
6.735000 5.978544974262e-04
6.740000 5.981537482517e-04
6.745000 5.984528808805e-04
6.750000 5.987518954716e-04
6.755000 5.990507920940e-04
6.760000 5.993495709063e-04
6.765000 5.996482319772e-04
6.770000 5.999467754650e-04
6.775000 6.002452014380e-04
6.780000 6.005435100540e-04
6.785000 6.008417013810e-04
6.790000 6.011397755765e-04
6.795000 6.014377327082e-04
6.800000 6.017355729332e-04
6.805000 6.020332963188e-04
6.810000 6.023309030217e-04
6.815000 6.026283931089e-04
6.820000 6.029257667368e-04
6.825000 6.032230239721e-04
6.830000 6.035201649706e-04
6.835000 6.038171897989e-04
6.840000 6.041140986124e-04
6.845000 6.044108914772e-04
6.850000 6.047075685484e-04
6.855000 6.050041298919e-04
6.860000 6.053005756624e-04
6.865000 6.055969059254e-04
6.870000 6.058931208351e-04
6.875000 6.061892204570e-04
6.880000 6.064852049448e-04
6.885000 6.067810743636e-04
6.890000 6.070768288668e-04
6.895000 6.073724685191e-04
6.900000 6.076679934737e-04
6.905000 6.079634037948e-04
6.910000 6.082586996353e-04
6.915000 6.085538810592e-04
6.920000 6.088489482189e-04
6.925000 6.091439011782e-04
6.930000 6.094387400889e-04
6.935000 6.097334650148e-04
6.940000 6.100280761072e-04
6.945000 6.103225734295e-04
6.950000 6.106169571328e-04
6.955000 6.109112272801e-04
6.960000 6.112053840221e-04
6.965000 6.114994274217e-04
6.970000 6.117933576291e-04
6.975000 6.120871747068e-04
6.980000 6.123808788047e-04
6.985000 6.126744699852e-04
6.990000 6.129679483976e-04
6.995000 6.132613141041e-04
7.000000 6.135545672536e-04
7.005000 6.138477079080e-04
7.010000 6.141407362160e-04
7.015000 6.144336522391e-04
7.020000 6.147264561255e-04
7.025000 6.150191479366e-04
7.030000 6.153117278202e-04
7.035000 6.156041958373e-04
7.040000 6.158965521355e-04
7.045000 6.161887967755e-04
7.050000 6.164809299045e-04
7.055000 6.167729515829e-04
7.060000 6.170648619575e-04
7.065000 6.173566610885e-04
7.070000 6.176483491224e-04
7.075000 6.179399261190e-04
7.080000 6.182313922245e-04
7.085000 6.185227474984e-04
7.090000 6.188139920866e-04
7.095000 6.191051260482e-04
7.100000 6.193961495289e-04
7.105000 6.196870625875e-04
7.110000 6.199778653693e-04
7.115000 6.202685579328e-04
7.120000 6.205591404230e-04
7.125000 6.208496128982e-04
7.130000 6.211399755028e-04
7.135000 6.214302282951e-04
7.140000 6.217203714191e-04
7.145000 6.220104049327e-04
7.150000 6.223003289797e-04
7.155000 6.225901436177e-04
7.160000 6.228798489901e-04
7.165000 6.231694451543e-04
7.170000 6.234589322532e-04
7.175000 6.237483103442e-04
7.180000 6.240375795697e-04
7.185000 6.243267399867e-04
7.190000 6.246157917375e-04
7.195000 6.249047348789e-04
7.200000 6.251935695526e-04
7.205000 6.254822958151e-04
7.210000 6.257709138081e-04
7.215000 6.260594235876e-04
7.220000 6.263478252950e-04
7.225000 6.266361189861e-04
7.230000 6.269243048019e-04
7.235000 6.272123827980e-04
7.240000 6.275003531149e-04
7.245000 6.277882158082e-04
7.250000 6.280759710180e-04
7.255000 6.283636187995e-04
7.260000 6.286511592925e-04
7.265000 6.289385925521e-04
7.270000 6.292259187176e-04
7.275000 6.295131378440e-04
7.280000 6.298002500702e-04
7.285000 6.300872554508e-04
7.290000 6.303741541246e-04
7.295000 6.306609461459e-04
7.300000 6.309476316531e-04
7.305000 6.312342107004e-04
7.310000 6.315206834256e-04
7.315000 6.318070498828e-04
7.320000 6.320933102096e-04
7.325000 6.323794644597e-04
7.330000 6.326655127704e-04
7.335000 6.329514551952e-04
7.340000 6.332372918711e-04
7.345000 6.335230228513e-04
7.350000 6.338086482724e-04
7.355000 6.340941681874e-04
7.360000 6.343795827328e-04
7.365000 6.346648919611e-04
7.370000 6.349500960085e-04
7.375000 6.352351949275e-04
7.380000 6.355201888537e-04
7.385000 6.358050778395e-04
7.390000 6.360898620201e-04
7.395000 6.363745414476e-04
7.400000 6.366591162572e-04
7.405000 6.369435865006e-04
7.410000 6.372279523125e-04
7.415000 6.375122137445e-04
7.420000 6.377963709310e-04
7.425000 6.380804239235e-04
7.430000 6.383643728559e-04
7.435000 6.386482177794e-04
7.440000 6.389319588278e-04
7.445000 6.392155960520e-04
7.450000 6.394991295854e-04
7.455000 6.397825594788e-04
7.460000 6.400658858652e-04
7.465000 6.403491087951e-04
7.470000 6.406322284014e-04
7.475000 6.409152447342e-04
7.480000 6.411981579262e-04
7.485000 6.414809680273e-04
7.490000 6.417636751696e-04
7.495000 6.420462794031e-04
7.500000 6.423287808595e-04
7.505000 6.426111795885e-04
7.510000 6.428934757217e-04
7.515000 6.431756693083e-04
7.520000 6.434577604797e-04
7.525000 6.437397492851e-04
7.530000 6.440216358552e-04
7.535000 6.443034202393e-04
7.540000 6.445851025677e-04
7.545000 6.448666828893e-04
7.550000 6.451481613344e-04
7.555000 6.454295379515e-04
7.560000 6.457108128706e-04
7.565000 6.459919861401e-04
7.570000 6.462730578895e-04
7.575000 6.465540281673e-04
7.580000 6.468348971024e-04
7.585000 6.471156647431e-04
7.590000 6.473963312183e-04
7.595000 6.476768965758e-04
7.600000 6.479573609442e-04
7.605000 6.482377243713e-04
7.610000 6.485179869852e-04
7.615000 6.487981488335e-04
7.620000 6.490782100442e-04
7.625000 6.493581706646e-04
7.630000 6.496380308222e-04
7.635000 6.499177905643e-04
7.640000 6.501974500182e-04
7.645000 6.504770092307e-04
7.650000 6.507564683290e-04
7.655000 6.510358273598e-04
7.660000 6.513150864497e-04
7.665000 6.515942456453e-04
7.670000 6.518733050732e-04
7.675000 6.521522647794e-04
7.680000 6.524311248904e-04
7.685000 6.527098854520e-04
7.690000 6.529885465903e-04
7.695000 6.532671083511e-04
7.700000 6.535455708600e-04
7.705000 6.538239341628e-04
7.710000 6.541021983846e-04
7.715000 6.543803635711e-04
7.720000 6.546584298471e-04
7.725000 6.549363972582e-04
7.730000 6.552142659288e-04
7.735000 6.554920359043e-04
7.740000 6.557697073089e-04
7.745000 6.560472801877e-04
7.750000 6.563247546647e-04
7.755000 6.566021307848e-04
7.760000 6.568794086716e-04
7.765000 6.571565883699e-04
7.770000 6.574336700031e-04
7.775000 6.577106536157e-04
7.780000 6.579875393308e-04
7.785000 6.582643271927e-04
7.790000 6.585410173243e-04
7.795000 6.588176097696e-04
7.800000 6.590941046514e-04
7.805000 6.593705020134e-04
7.810000 6.596468019781e-04
7.815000 6.599230045890e-04
7.820000 6.601991099683e-04
7.825000 6.604751181595e-04
7.830000 6.607510292843e-04
7.835000 6.610268433861e-04
7.840000 6.613025605863e-04
7.845000 6.615781809282e-04
7.850000 6.618537045328e-04
7.855000 6.621291314433e-04
7.860000 6.624044617804e-04
7.865000 6.626796955871e-04
7.870000 6.629548329839e-04
7.875000 6.632298740134e-04
7.880000 6.635048187961e-04
7.885000 6.637796673743e-04
7.890000 6.640544198682e-04
7.895000 6.643290763200e-04
7.900000 6.646036368495e-04
7.905000 6.648781014988e-04
7.910000 6.651524703874e-04
7.915000 6.654267435573e-04
7.920000 6.657009211276e-04
7.925000 6.659750031402e-04
7.930000 6.662489897140e-04
7.935000 6.665228808907e-04
7.940000 6.667966767888e-04
7.945000 6.670703774498e-04
7.950000 6.673439829920e-04
7.955000 6.676174934569e-04
7.960000 6.678909089624e-04
7.965000 6.681642295498e-04
7.970000 6.684374553367e-04
7.975000 6.687105863642e-04
7.980000 6.689836227498e-04
7.985000 6.692565645343e-04
7.990000 6.695294118350e-04
7.995000 6.698021646925e-04
8.000000 6.700748232238e-04
8.005000 6.703473874693e-04
8.010000 6.706198575459e-04
8.015000 6.708922334937e-04
8.020000 6.711645154293e-04
8.025000 6.714367033928e-04
8.030000 6.717087975004e-04
8.035000 6.719807977920e-04
8.040000 6.722527043836e-04
8.045000 6.725245173150e-04
8.050000 6.727962367019e-04
8.055000 6.730678625838e-04
8.060000 6.733393950762e-04
8.065000 6.736108342187e-04
8.070000 6.738821801262e-04
8.075000 6.741534328382e-04
8.080000 6.744245924694e-04
8.085000 6.746956590592e-04
8.090000 6.749666327221e-04
8.095000 6.752375134970e-04
8.100000 6.755083014984e-04
8.105000 6.757789967650e-04
8.110000 6.760495994111e-04
8.115000 6.763201094752e-04
8.120000 6.765905270712e-04
8.125000 6.768608522376e-04
8.130000 6.771310850880e-04
8.135000 6.774012256608e-04
8.140000 6.776712740693e-04
8.145000 6.779412303516e-04
8.150000 6.782110946210e-04
8.155000 6.784808669154e-04
8.160000 6.787505473476e-04
8.165000 6.790201359555e-04
8.170000 6.792896328518e-04
8.175000 6.795590380740e-04
8.180000 6.798283517346e-04
8.185000 6.800975738712e-04
8.190000 6.803667045958e-04
8.195000 6.806357439457e-04
8.200000 6.809046920329e-04
8.205000 6.811735488947e-04
8.210000 6.814423146424e-04
8.215000 6.817109893134e-04
8.220000 6.819795730189e-04
8.225000 6.822480657959e-04
8.230000 6.825164677554e-04
8.235000 6.827847789343e-04
8.240000 6.830529994433e-04
8.245000 6.833211293192e-04
8.250000 6.835891686725e-04
8.255000 6.838571175398e-04
8.260000 6.841249760313e-04
8.265000 6.843927441835e-04
8.270000 6.846604221063e-04
8.275000 6.849280098362e-04
8.280000 6.851955074827e-04
8.285000 6.854629150822e-04
8.290000 6.857302327440e-04
8.295000 6.859974605043e-04
8.300000 6.862645984722e-04
8.305000 6.865316466837e-04
8.310000 6.867986052478e-04
8.315000 6.870654742001e-04
8.320000 6.873322536495e-04
8.325000 6.875989436315e-04
8.330000 6.878655442547e-04
8.335000 6.881320555546e-04
8.340000 6.883984776393e-04
8.345000 6.886648105443e-04
8.350000 6.889310543775e-04
8.355000 6.891972091741e-04
8.360000 6.894632750420e-04
8.365000 6.897292520161e-04
8.370000 6.899951402040e-04
8.375000 6.902609396406e-04
8.380000 6.905266504333e-04
8.385000 6.907922726167e-04
8.390000 6.910578062979e-04
8.395000 6.913232515117e-04
8.400000 6.915886083647e-04
8.405000 6.918538768916e-04
8.410000 6.921190571988e-04
8.415000 6.923841493207e-04
8.420000 6.926491533638e-04
8.425000 6.929140693622e-04
8.430000 6.931788974220e-04
8.435000 6.934436375773e-04
8.440000 6.937082899340e-04
8.445000 6.939728545261e-04
8.450000 6.942373314592e-04
8.455000 6.945017207671e-04
8.460000 6.947660225553e-04
8.465000 6.950302368574e-04
8.470000 6.952943637785e-04
8.475000 6.955584033524e-04
8.480000 6.958223556838e-04
8.485000 6.960862208063e-04
8.490000 6.963499988245e-04
8.495000 6.966136897717e-04
8.500000 6.968772937525e-04
8.505000 6.971408107999e-04
8.510000 6.974042410183e-04
8.515000 6.976675844407e-04
8.520000 6.979308411710e-04
8.525000 6.981940112422e-04
8.530000 6.984570947582e-04
8.535000 6.987200917516e-04
8.540000 6.989830023260e-04
8.545000 6.992458265141e-04
8.550000 6.995085644192e-04
8.555000 6.997712160739e-04
8.560000 7.000337815812e-04
8.565000 7.002962609736e-04
8.570000 7.005586543539e-04
8.575000 7.008209617543e-04
8.580000 7.010831832777e-04
8.585000 7.013453189560e-04
8.590000 7.016073688918e-04
8.595000 7.018693331170e-04
8.600000 7.021312117339e-04
8.605000 7.023930047744e-04
8.610000 7.026547123404e-04
8.615000 7.029163344637e-04
8.620000 7.031778712460e-04
8.625000 7.034393227192e-04
8.630000 7.037006889845e-04
8.635000 7.039619700737e-04
8.640000 7.042231660879e-04
8.645000 7.044842770587e-04
8.650000 7.047453030871e-04
8.655000 7.050062442043e-04
8.660000 7.052671005114e-04
8.665000 7.055278720393e-04
8.670000 7.057885588889e-04
8.675000 7.060491610911e-04
8.680000 7.063096787463e-04
8.685000 7.065701118855e-04
8.690000 7.068304606090e-04
8.695000 7.070907249474e-04
8.700000 7.073509050009e-04
8.705000 7.076110008001e-04
8.710000 7.078710124447e-04
8.715000 7.081309399654e-04
8.720000 7.083907834617e-04
8.725000 7.086505429641e-04
8.730000 7.089102185719e-04
8.735000 7.091698103154e-04
8.740000 7.094293182939e-04
8.745000 7.096887425374e-04
8.750000 7.099480831450e-04
8.755000 7.102073401467e-04
8.760000 7.104665136412e-04
8.765000 7.107256036586e-04
8.770000 7.109846102972e-04
8.775000 7.112435335871e-04
8.780000 7.115023736264e-04
8.785000 7.117611304450e-04
8.790000 7.120198041409e-04
8.795000 7.122783947437e-04
8.800000 7.125369023513e-04
8.805000 7.127953269932e-04
8.810000 7.130536687671e-04
8.815000 7.133119277024e-04
8.820000 7.135701038966e-04
8.825000 7.138281973789e-04
8.830000 7.140862082465e-04
8.835000 7.143441365287e-04
8.840000 7.146019823225e-04
8.845000 7.148597456570e-04
8.850000 7.151174266289e-04
8.855000 7.153750252674e-04
8.860000 7.156325416688e-04
8.865000 7.158899758622e-04
8.870000 7.161473279438e-04
8.875000 7.164045979426e-04
8.880000 7.166617859546e-04
8.885000 7.169188920085e-04
8.890000 7.171759162002e-04
8.895000 7.174328585584e-04
8.900000 7.176897191788e-04
8.905000 7.179464980899e-04
8.910000 7.182031953871e-04
8.915000 7.184598110988e-04
8.920000 7.187163453204e-04
8.925000 7.189727980802e-04
8.930000 7.192291694732e-04
8.935000 7.194854595276e-04
8.940000 7.197416683383e-04
8.945000 7.199977959333e-04
8.950000 7.202538424075e-04
8.955000 7.205098077887e-04
8.960000 7.207656921714e-04
8.965000 7.210214955834e-04
8.970000 7.212772181192e-04
8.975000 7.215328598064e-04
8.980000 7.217884207390e-04
8.985000 7.220439009449e-04
8.990000 7.222993005178e-04
8.995000 7.225546194853e-04
9.000000 7.228098579411e-04
9.005000 7.230650159127e-04
9.010000 7.233200934934e-04
9.015000 7.235750907107e-04
9.020000 7.238300076579e-04
9.025000 7.240848443622e-04
9.030000 7.243396009167e-04
9.035000 7.245942773485e-04
9.040000 7.248488737505e-04
9.045000 7.251033901498e-04
9.050000 7.253578266391e-04
9.055000 7.256121832452e-04
9.060000 7.258664600608e-04
9.065000 7.261206571126e-04
9.070000 7.263747744929e-04
9.075000 7.266288122285e-04
9.080000 7.268827704116e-04
9.085000 7.271366490686e-04
9.090000 7.273904482917e-04
9.095000 7.276441681072e-04
9.100000 7.278978086069e-04
9.105000 7.281513698173e-04
9.110000 7.284048518299e-04
9.115000 7.286582546710e-04
9.120000 7.289115784320e-04
9.125000 7.291648231391e-04
9.130000 7.294179888834e-04
9.135000 7.296710756912e-04
9.140000 7.299240836533e-04
9.145000 7.301770127959e-04
9.150000 7.304298632096e-04
9.155000 7.306826349205e-04
9.160000 7.309353280190e-04
9.165000 7.311879425312e-04
9.170000 7.314404785473e-04
9.175000 7.316929360931e-04
9.180000 7.319453152588e-04
9.185000 7.321976160701e-04
9.190000 7.324498386169e-04
9.195000 7.327019829250e-04
9.200000 7.329540490839e-04
9.205000 7.332060371194e-04
9.210000 7.334579471209e-04
9.215000 7.337097791139e-04
9.220000 7.339615331878e-04
9.225000 7.342132093680e-04
9.230000 7.344648077435e-04
9.235000 7.347163283398e-04
9.240000 7.349677712457e-04
9.245000 7.352191364865e-04
9.250000 7.354704241510e-04
9.255000 7.357216342643e-04
9.260000 7.359727669150e-04
9.265000 7.362238221280e-04
9.270000 7.364747999919e-04
9.275000 7.367257005315e-04
9.280000 7.369765238352e-04
9.285000 7.372272699276e-04
9.290000 7.374779388970e-04
9.295000 7.377285307679e-04
9.300000 7.379790456283e-04
9.305000 7.382294835029e-04
9.310000 7.384798444793e-04
9.315000 7.387301285821e-04
9.320000 7.389803358989e-04
9.325000 7.392304664539e-04
9.330000 7.394805203348e-04
9.335000 7.397304975656e-04
9.340000 7.399803982338e-04
9.345000 7.402302223634e-04
9.350000 7.404799700416e-04
9.355000 7.407296412924e-04
9.360000 7.409792362028e-04
9.365000 7.412287547967e-04
9.370000 7.414781971610e-04
9.375000 7.417275633194e-04
9.380000 7.419768533585e-04
9.385000 7.422260673022e-04
9.390000 7.424752052368e-04
9.395000 7.427242671862e-04
9.400000 7.429732532363e-04
9.405000 7.432221634110e-04
9.410000 7.434709977963e-04
9.415000 7.437197564156e-04
9.420000 7.439684393549e-04
9.425000 7.442170466375e-04
9.430000 7.444655783493e-04
9.435000 7.447140345136e-04
9.440000 7.449624152157e-04
9.445000 7.452107204792e-04
9.450000 7.454589503893e-04
9.455000 7.457071049692e-04
9.460000 7.459551843040e-04
9.465000 7.462031884169e-04
9.470000 7.464511173929e-04
9.475000 7.466989712550e-04
9.480000 7.469467500879e-04
9.485000 7.471944539148e-04
9.490000 7.474420828202e-04
9.495000 7.476896368269e-04
9.500000 7.479371160195e-04
9.505000 7.481845204207e-04
9.510000 7.484318501148e-04
9.515000 7.486791051245e-04
9.520000 7.489262855340e-04
9.525000 7.491733913659e-04
9.530000 7.494204227040e-04
9.535000 7.496673795711e-04
9.540000 7.499142620508e-04
9.545000 7.501610701655e-04
9.550000 7.504078039990e-04
9.555000 7.506544635736e-04
9.560000 7.509010489727e-04
9.565000 7.511475602186e-04
9.570000 7.513939973946e-04
9.575000 7.516403605230e-04
9.580000 7.518866496867e-04
9.585000 7.521328649081e-04
9.590000 7.523790062699e-04
9.595000 7.526250737942e-04
9.600000 7.528710675639e-04
9.605000 7.531169876009e-04
9.610000 7.533628339877e-04
9.615000 7.536086067463e-04
9.620000 7.538543059592e-04
9.625000 7.540999316481e-04
9.630000 7.543454838953e-04
9.635000 7.545909627226e-04
9.640000 7.548363682120e-04
9.645000 7.550817003853e-04
9.650000 7.553269593242e-04
9.655000 7.555721450506e-04
9.660000 7.558172576460e-04
9.665000 7.560622971321e-04
9.670000 7.563072635904e-04
9.675000 7.565521570423e-04
9.680000 7.567969775694e-04
9.685000 7.570417251929e-04
9.690000 7.572863999941e-04
9.695000 7.575310019943e-04
9.700000 7.577755312747e-04
9.705000 7.580199878564e-04
9.710000 7.582643718204e-04
9.715000 7.585086831878e-04
9.720000 7.587529220394e-04
9.725000 7.589970883962e-04
9.730000 7.592411823389e-04
9.735000 7.594852038885e-04
9.740000 7.597291531254e-04
9.745000 7.599730300706e-04
9.750000 7.602168348042e-04
9.755000 7.604605673473e-04
9.760000 7.607042277798e-04
9.765000 7.609478161226e-04
9.770000 7.611913324557e-04
9.775000 7.614347767997e-04
9.780000 7.616781492344e-04
9.785000 7.619214497805e-04
9.790000 7.621646785176e-04
9.795000 7.624078354663e-04
9.800000 7.626509207061e-04
9.805000 7.628939342574e-04
9.810000 7.631368761995e-04
9.815000 7.633797465530e-04
9.820000 7.636225453969e-04
9.825000 7.638652727516e-04
9.830000 7.641079286961e-04
9.835000 7.643505132506e-04
9.840000 7.645930264941e-04
9.845000 7.648354684468e-04
9.850000 7.650778391872e-04
9.855000 7.653201387356e-04
9.860000 7.655623671704e-04
9.865000 7.658045245118e-04
9.870000 7.660466108381e-04
9.875000 7.662886261694e-04
9.880000 7.665305705838e-04
9.885000 7.667724441012e-04
9.890000 7.670142467998e-04
9.895000 7.672559786993e-04
9.900000 7.674976398777e-04
9.905000 7.677392303548e-04
9.910000 7.679807502084e-04
9.915000 7.682221994580e-04
9.920000 7.684635781815e-04
9.925000 7.687048863983e-04
9.930000 7.689461241859e-04
9.935000 7.691872915640e-04
9.940000 7.694283886098e-04
9.945000 7.696694153429e-04
9.950000 7.699103718403e-04
9.955000 7.701512581215e-04
9.960000 7.703920742635e-04
9.965000 7.706328202857e-04
9.970000 7.708734962649e-04
9.975000 7.711141022204e-04
9.980000 7.713546382289e-04
9.985000 7.715951043097e-04
9.990000 7.718355005393e-04
9.995000 7.720758269368e-04
10.000000 7.723160835787e-04
